   <?xml version="1.0" encoding="UTF-8"?>
<kml xmlns="http://www.opengis.net/kml/2.2">
<Document>
  <name>Katihar District</name>

  
  <Style id="customRedStyle">
    <LineStyle>
      <color>ff0000ff</color> <!-- Opaque Red Border -->
      <width>2.5</width>
    </LineStyle>
    <PolyStyle>
      <fill>1</fill>
      <color>330000ff</color> <!-- Semi-Transparent Red Fill -->
    </PolyStyle>
  </Style>

  <!-- This is the Placemark for Katihar, using your custom style -->
  <Placemark>                                                                                       
    <name>Katihar</name>
    <styleUrl>#customRedStyle</styleUrl>
    <Polygon>
      <outerBoundaryIs>
        <LinearRing>
          <coordinates>87.553437,25.331375 87.543631,25.330555 87.53827,25.335713 87.529228,25.341829 87.532133,25.351555 87.530742,25.355575 87.529777,25.355039 87.528169,25.347625 87.517082,25.351694 87.51122,25.351637 87.50422,25.349896 87.48944,25.36688 87.47784,25.36544 87.46207,25.364854 87.456717,25.359423 87.446435,25.361784 87.441983,25.365118 87.436379,25.380411 87.432373,25.373893 87.429939,25.37583 87.427273,25.375361 87.420086,25.377998 87.410477,25.380103 87.408481,25.384611 87.410292,25.390122 87.381026,25.403279 87.370125,25.406236 87.367328,25.408415 87.368543,25.422982 87.35742,25.415068 87.347284,25.413961 87.343508,25.415373 87.340231,25.415385 87.333545,25.412418 87.327938,25.408264 87.319732,25.407707 87.308075,25.401999 87.30614,25.40259 87.295631,25.398567 87.286237,25.373953 87.280448,25.362608 87.273359,25.35747 87.270063,25.352766 87.267048,25.351384 87.266088,25.35395 87.277607,25.369744 87.266595,25.374124 87.247962,25.378854 87.238237,25.375426 87.234386,25.378106 87.235137,25.379454 87.229382,25.383185 87.22923,25.385437 87.222062,25.390192 87.220435,25.39336 87.21983,25.396946 87.223314,25.400327 87.222915,25.404136 87.221184,25.407712 87.219119,25.409513 87.205126,25.415104 87.209826,25.427639 87.216569,25.429053 87.221694,25.431109 87.224543,25.434283 87.230683,25.4436 87.231657,25.451496 87.235091,25.460859 87.233631,25.462067 87.231961,25.470129 87.229089,25.473569 87.214418,25.481309 87.213955,25.483628 87.212758,25.483907 87.214965,25.499704 87.210343,25.500852 87.210374,25.503035 87.208738,25.504535 87.209316,25.506238 87.215952,25.506392 87.223503,25.507668 87.225856,25.519543 87.229504,25.523887 87.229419,25.530457 87.226751,25.534461 87.229185,25.536737 87.235518,25.537352 87.245216,25.539982 87.246674,25.545798 87.248047,25.54707 87.251846,25.548763 87.257553,25.549354 87.260205,25.555351 87.262942,25.557202 87.268197,25.557871 87.271175,25.565295 87.263537,25.567938 87.267065,25.570738 87.26115,25.578214 87.263918,25.588289 87.260201,25.591195 87.259192,25.597041 87.254428,25.597791 87.255746,25.610521 87.257587,25.615109 87.258138,25.620495 87.252657,25.620645 87.252661,25.625188 87.257075,25.635146 87.26254,25.638904 87.268109,25.640652 87.274206,25.641399 87.278513,25.643308 87.272007,25.648851 87.263731,25.652957 87.258522,25.666843 87.262098,25.669017 87.258366,25.674909 87.254179,25.678629 87.247152,25.688389 87.24377,25.696342 87.24361,25.698363 87.246432,25.703719 87.252327,25.708383 87.25535,25.708329 87.261479,25.716908 87.26984,25.714568 87.272852,25.714054 87.275139,25.714656 87.27783,25.713756 87.27579,25.710719 87.277038,25.704518 87.280062,25.701359 87.295461,25.701176 87.301,25.699409 87.304164,25.696588 87.305118,25.69229 87.314937,25.693068 87.317355,25.689116 87.324883,25.686586 87.334407,25.686395 87.337936,25.684708 87.339822,25.681698 87.34417,25.682856 87.353374,25.682503 87.358097,25.686524 87.361955,25.686774 87.366907,25.685783 87.376506,25.680121 87.379816,25.680734 87.382813,25.682867 87.389429,25.680945 87.393018,25.682239 87.402977,25.677544 87.414134,25.678427 87.415417,25.674698 87.431911,25.676416 87.435705,25.680695 87.456641,25.68 87.477639,25.682106 87.483508,25.681934 87.487405,25.671825 87.48974,25.673233 87.490246,25.670334 87.492837,25.667697 87.507772,25.668322 87.50871,25.671041 87.506907,25.678418 87.512314,25.676544 87.522709,25.674571 87.524148,25.672851 87.529539,25.672005 87.532035,25.672939 87.532129,25.679091 87.531162,25.681317 87.53403,25.681828 87.537677,25.68554 87.541892,25.685262 87.539158,25.679446 87.540817,25.67431 87.538564,25.669226 87.540525,25.666615 87.543259,25.666856 87.546728,25.669535 87.55115,25.669587 87.554775,25.66743 87.554113,25.664066 87.561988,25.659669 87.566326,25.659089 87.571331,25.659463 87.574027,25.656308 87.576021,25.657257 87.577126,25.661825 87.576094,25.671068 87.572244,25.673639 87.555408,25.679831 87.55572,25.681148 87.562001,25.682966 87.556067,25.684527 87.560061,25.686098 87.562569,25.685768 87.571221,25.681679 87.571509,25.682416 87.574418,25.682412 87.574334,25.684776 87.575505,25.685479 87.584295,25.684313 87.595421,25.687442 87.598333,25.687493 87.60163,25.686502 87.603827,25.683418 87.606464,25.684233 87.611478,25.680813 87.617784,25.680729 87.629751,25.685428 87.639267,25.691715 87.642039,25.689939 87.642365,25.686296 87.650374,25.680506 87.654702,25.683896 87.664734,25.685042 87.669068,25.688607 87.671537,25.696849 87.674116,25.700661 87.683128,25.697354 87.685131,25.698425 87.684363,25.706108 87.683265,25.708402 87.68208,25.716672 87.68556,25.719297 87.68366,25.7234 87.686894,25.730291 87.687597,25.745158 87.692283,25.748019 87.70277,25.745062 87.704147,25.747482 87.700321,25.750855 87.703506,25.755389 87.707307,25.752873 87.709712,25.753007 87.709598,25.754566 87.71126,25.756216 87.712371,25.762386 87.720266,25.763501 87.727401,25.760737 87.731773,25.763607 87.738883,25.763027 87.743614,25.7614 87.746537,25.759254 87.754927,25.750859 87.769294,25.753893 87.773408,25.754014 87.775813,25.75282 87.778888,25.748432 87.780302,25.743656 87.791491,25.74757 87.783441,25.757567 87.784323,25.75885 87.789454,25.760538 87.794021,25.763396 87.804355,25.765445 87.807291,25.767334 87.804102,25.767868 87.80681,25.776846 87.809682,25.777366 87.828522,25.786533 87.826995,25.798047 87.821505,25.811277 87.815986,25.829286 87.795258,25.842519 87.799694,25.844121 87.805965,25.842996 87.816709,25.84405 87.816256,25.845216 87.821088,25.85606 87.816634,25.862002 87.815694,25.867505 87.804144,25.870693 87.802275,25.872611 87.801917,25.8755 87.808346,25.881568 87.814324,25.880964 87.824545,25.881579 87.826139,25.881075 87.829095,25.871573 87.84079,25.868841 87.849402,25.868822 87.856656,25.867193 87.862114,25.864843 87.871487,25.867669 87.873858,25.864577 87.876913,25.866118 87.878436,25.859778 87.884952,25.858587 87.887414,25.858535 87.89102,25.864776 87.90564,25.859965 87.907561,25.856375 87.911008,25.853232 87.917076,25.851886 87.903514,25.839738 87.903571,25.83467 87.901486,25.833325 87.898793,25.835222 87.895525,25.832941 87.893818,25.833014 87.889563,25.828764 87.890506,25.827459 87.897106,25.826663 87.899958,25.829301 87.902608,25.829245 87.904122,25.827799 87.90001,25.825211 87.904894,25.82029 87.910587,25.81907 87.91664,25.814965 87.915616,25.810856 87.913723,25.809556 87.909272,25.814294 87.908151,25.813305 87.908172,25.811179 87.907333,25.810867 87.905423,25.811752 87.902865,25.811223 87.901156,25.804858 87.905182,25.805663 87.908022,25.804164 87.909173,25.802041 87.907718,25.800668 87.905305,25.800417 87.904119,25.799441 87.907036,25.780495 87.903837,25.772003 87.904565,25.769953 87.907317,25.76943 87.911054,25.772153 87.924742,25.77422 87.934685,25.768049 87.935269,25.772282 87.938458,25.771516 87.943409,25.768138 87.943562,25.758517 87.94768,25.756159 87.948055,25.75344 87.944664,25.748751 87.949891,25.748355 87.950175,25.744027 87.957063,25.738845 87.96266,25.735673 87.966472,25.732348 87.967995,25.729924 87.966989,25.724907 87.977636,25.720305 87.985635,25.7187 87.987807,25.721939 87.993756,25.723905 87.99367,25.72026 87.99853,25.719383 88.003118,25.71216 88.007918,25.709355 88.0127,25.706767 88.022589,25.704966 88.023447,25.70276 88.020231,25.697741 88.020238,25.694612 88.022077,25.691982 88.028301,25.691785 88.032694,25.699185 88.036085,25.699074 88.03811,25.696739 88.040647,25.694299 88.045754,25.698403 88.04921,25.694961 88.051071,25.690274 88.054515,25.690838 88.056695,25.686065 88.054968,25.681749 88.050554,25.677249 88.049017,25.674176 88.051236,25.660091 88.054726,25.65827 88.054617,25.655731 88.049824,25.652878 88.05121,25.648414 88.054372,25.644208 88.053152,25.643326 88.051979,25.644714 88.050341,25.643186 88.05022,25.639966 88.048785,25.639303 88.045999,25.642213 88.041664,25.641285 88.041387,25.637133 88.046651,25.636432 88.049314,25.632376 88.060123,25.63317 88.05331,25.627938 88.049595,25.62854 88.045246,25.627623 88.042761,25.622322 88.040868,25.617373 88.043063,25.6159 88.046229,25.61079 88.045128,25.608819 88.047212,25.605835 88.041872,25.602729 88.035501,25.600358 88.037113,25.598592 88.041454,25.597307 88.045627,25.597699 88.044398,25.59538 88.037027,25.591337 88.037188,25.58784 88.032305,25.58624 88.02684,25.587274 88.027757,25.583267 88.035811,25.574692 88.031044,25.569443 88.033959,25.566667 88.039692,25.566259 88.044011,25.56424 88.041255,25.560746 88.039213,25.561811 88.035385,25.55984 88.036198,25.557911 88.032809,25.553632 88.035575,25.55076 88.043623,25.546549 88.041448,25.537109 88.044827,25.533569 88.048196,25.532443 88.051784,25.534716 88.054571,25.533714 88.056456,25.530905 88.061708,25.530312 88.063826,25.529098 88.063192,25.526055 88.07258,25.516815 88.074542,25.51345 88.070592,25.508917 88.069535,25.50657 88.072121,25.505447 88.076946,25.505286 88.078525,25.504302 88.075497,25.502284 88.073794,25.497211 88.073817,25.490263 88.076081,25.480917 88.071587,25.481573 88.067342,25.486004 88.061475,25.484297 88.058642,25.487044 88.055158,25.486571 88.055028,25.483141 88.052025,25.483028 88.047822,25.485806 88.042308,25.486952 88.04433,25.491968 88.040214,25.493143 88.036931,25.486406 88.033253,25.48655 88.034411,25.489378 88.026007,25.495785 88.021457,25.500899 88.015681,25.501373 88.013675,25.503228 88.017411,25.507967 88.013229,25.51078 88.009507,25.505213 88.008739,25.500093 88.009964,25.494445 88.004092,25.495797 87.998521,25.498251 87.99238,25.503029 87.990726,25.5085 87.986328,25.516233 87.993572,25.521103 87.993984,25.522976 87.993418,25.524324 87.991817,25.525206 87.978047,25.52361 87.974907,25.526447 87.969893,25.533448 87.961434,25.538415 87.958205,25.536827 87.948706,25.535044 87.943881,25.535653 87.93939,25.535318 87.931882,25.536564 87.929958,25.536011 87.925493,25.531199 87.921947,25.532262 87.920267,25.531304 87.920416,25.525598 87.919589,25.524137 87.914003,25.524487 87.908883,25.519413 87.912156,25.514038 87.908561,25.511596 87.910647,25.507713 87.906349,25.507609 87.904821,25.504682 87.901693,25.505095 87.900868,25.510313 87.894002,25.513135 87.891191,25.517452 87.885087,25.516329 87.886336,25.513684 87.887219,25.50594 87.875739,25.503373 87.874578,25.497558 87.869349,25.493804 87.866717,25.486432 87.866384,25.478219 87.869735,25.470713 87.870118,25.468286 87.869304,25.465783 87.856518,25.468736 87.855413,25.465388 87.839682,25.464958 87.839664,25.4592 87.833548,25.459228 87.831468,25.457934 87.833196,25.451991 87.830822,25.449788 87.83163,25.445666 87.827548,25.443424 87.82676,25.440176 87.825081,25.437944 87.814515,25.434592 87.812658,25.435185 87.804172,25.442275 87.799206,25.44259 87.798486,25.446016 87.792399,25.44909 87.787223,25.445045 87.78551,25.437003 87.782375,25.429373 87.775993,25.429177 87.771746,25.424694 87.777075,25.418939 87.778292,25.415329 87.777114,25.411982 87.775841,25.410253 87.773833,25.409185 87.769999,25.409401 87.768008,25.412469 87.765635,25.410504 87.764964,25.405461 87.769675,25.405324 87.772317,25.403954 87.768918,25.396038 87.76841,25.389442 87.768537,25.386675 87.771532,25.378438 87.779628,25.372406 87.782539,25.371303 87.794639,25.372703 87.793169,25.355328 87.790657,25.345077 87.787399,25.33888 87.789754,25.332914 87.797204,25.322823 87.803051,25.322577 87.807387,25.323898 87.816825,25.319646 87.826084,25.313329 87.834638,25.303943 87.836873,25.302677 87.846074,25.298904 87.856097,25.297965 87.857056,25.293025 87.858979,25.289904 87.860687,25.290062 87.861815,25.283505 87.862186,25.278314 87.859953,25.268457 87.857048,25.269607 87.855636,25.267828 87.855422,25.262033 87.856692,25.25852 87.854903,25.25399 87.852955,25.252812 87.851202,25.252822 87.847233,25.254142 87.841193,25.25037 87.837932,25.245216 87.835919,25.240234 87.830609,25.237116 87.828426,25.234913 87.839434,25.213962 87.84246,25.203714 87.842265,25.199861 87.837939,25.201371 87.835271,25.204649 87.826848,25.208678 87.815699,25.212314 87.807011,25.218831 87.793277,25.22107 87.793229,25.229187 87.791147,25.236866 87.790898,25.24102 87.78939,25.243555 87.789016,25.246738 87.774837,25.247214 87.768544,25.249832 87.736631,25.253682 87.72683,25.253972 87.713566,25.256938 87.712654,25.260307 87.713767,25.271883 87.711724,25.275082 87.706766,25.278277 87.702229,25.279383 87.697123,25.281893 87.694897,25.285429 87.696137,25.291714 87.700623,25.295904 87.69725,25.299089 87.699343,25.303543 87.694076,25.305257 87.686491,25.304763 87.686725,25.308152 87.689943,25.308532 87.689986,25.310604 87.664653,25.310205 87.657669,25.307723 87.639906,25.31282 87.637676,25.312331 87.631892,25.319073 87.632125,25.316181 87.628566,25.311261 87.619533,25.316002 87.612789,25.311844 87.605819,25.315118 87.595198,25.322336 87.595234,25.324233 87.587118,25.328468 87.586429,25.332758 87.593612,25.340984 87.586047,25.348818 87.584891,25.347202 87.585458,25.344354 87.577419,25.34094 87.573087,25.334326 87.553437,25.331375
		         </coordinates>
        </LinearRing>
      </outerBoundaryIs>
    </Polygon>
  </Placemark>
</Document>
</kml>